0.000000	0.000000	0.000000	0.000000	0.000000	0.000000	
0.000000	0.000000	0.000000	0.000000	0.000000	0.000000	
0.000000	0.000000	0.000000	0.000000	0.000000	0.000000	
0.000000	0.000000	0.000000	0.000000	0.000000	0.000000	
0.000000	0.000000	0.000000	0.000000	0.000000	0.000000	
0.000000	0.000000	0.000000	0.000000	0.000000	0.000000	
0.000000	0.000000	0.000000	0.000000	0.000000	0.000000	
0.000000	0.000000	0.000000	0.000000	0.000000	0.000000	
0.000000	0.000000	0.000000	0.000000	0.000000	0.000000	
0.000000	0.000000	0.000000	0.000000	0.000000	0.000000	
0.014888	0.066500	0.008862	0.039500	0.005988	0.027000	
0.014904	0.067500	0.008912	0.040500	0.005990	0.026500	
0.014920	0.067000	0.008886	0.039500	0.005918	0.026000	
0.014866	0.067000	0.008914	0.039500	0.005918	0.027000	
0.014900	0.067500	0.008848	0.040500	0.005910	0.027000	
0.014962	0.066500	0.008874	0.040500	0.005930	0.026500	
0.014972	0.067500	0.008900	0.040000	0.005960	0.027000	
0.014922	0.067000	0.008924	0.040000	0.005918	0.026500	
0.014866	0.066000	0.008896	0.040000	0.005926	0.026500	
0.014810	0.066500	0.008886	0.040500	0.005940	0.027000	
0.029622	0.134000	0.013966	0.062500	0.015904	0.072000	
0.029834	0.134500	0.013938	0.061500	0.015926	0.072000	
0.029802	0.133000	0.013726	0.061500	0.015820	0.070000	
0.029822	0.134500	0.013678	0.062500	0.015866	0.072000	
0.029734	0.133000	0.013888	0.062500	0.015854	0.070500	
0.029572	0.132500	0.013892	0.062000	0.015806	0.072000	
0.029650	0.134000	0.013870	0.063000	0.015998	0.072000	
0.029696	0.133000	0.013942	0.063000	0.016008	0.070500	
0.029752	0.134500	0.013888	0.061500	0.015824	0.071000	
0.029764	0.133000	0.013884	0.062500	0.015800	0.070000	
0.044674	0.201000	0.021536	0.096500	0.022846	0.101500	
0.044940	0.201500	0.021570	0.097000	0.022754	0.102000	
0.044562	0.198000	0.021636	0.097500	0.022634	0.102500	
0.044436	0.199500	0.021818	0.098500	0.022766	0.102500	
0.044576	0.201000	0.021832	0.098000	0.022694	0.101000	
0.044556	0.199500	0.021776	0.098000	0.022710	0.103000	
0.044686	0.199500	0.021820	0.098000	0.022808	0.101500	
0.044598	0.199500	0.021598	0.097000	0.022614	0.102500	
0.044294	0.200000	0.021724	0.097500	0.022908	0.103000	
0.044520	0.201000	0.021654	0.097500	0.022892	0.101500	
0.059576	0.265000	0.032898	0.149500	0.025932	0.115000	
0.059454	0.266000	0.033710	0.151500	0.025674	0.114500	
0.059246	0.266000	0.033648	0.150000	0.025528	0.115000	
0.059188	0.264000	0.033668	0.151500	0.025562	0.113500	
0.059206	0.263500	0.033260	0.148500	0.025076	0.115000	
0.059010	0.264500	0.033350	0.148500	0.025824	0.116500	
0.059682	0.266000	0.033206	0.151000	0.025746	0.113500	
0.059054	0.264500	0.033566	0.151000	0.025434	0.115000	
0.059326	0.266000	0.033422	0.150000	0.025518	0.114500	
0.059028	0.264000	0.033674	0.150000	0.025486	0.114500	
0.069958	0.308000	0.036760	0.150500	0.035708	0.159500	
0.071854	0.316000	0.036114	0.156000	0.035562	0.160000	
0.069960	0.313000	0.036262	0.150000	0.036484	0.163000	
0.072166	0.320500	0.036134	0.158000	0.036438	0.164500	
0.071402	0.318500	0.035968	0.152500	0.036560	0.162500	
0.075818	0.313500	0.035294	0.153500	0.035564	0.160500	
0.069528	0.310000	0.036336	0.149000	0.036236	0.162000	
0.070610	0.314000	0.035792	0.151500	0.035780	0.160500	
0.069548	0.308500	0.036726	0.150500	0.035762	0.160500	
0.068340	0.303000	0.038016	0.145500	0.035946	0.158500	
0.076192	0.336000	0.064816	0.173500	0.035826	0.160500	
0.074612	0.331500	0.068516	0.177000	0.036646	0.160000	
0.073178	0.321000	0.063010	0.166000	0.037080	0.152500	
0.072940	0.319500	0.076784	0.160500	0.036304	0.158000	
0.105368	0.322500	0.050804	0.176500	0.032642	0.147000	
0.072576	0.322000	0.072068	0.161500	0.036638	0.158000	
0.071866	0.320500	0.078526	0.159000	0.037340	0.160000	
0.071680	0.319500	0.080088	0.159000	0.036760	0.161000	
0.071094	0.316500	0.081160	0.153500	0.037066	0.162000	
0.079778	0.324500	0.052686	0.175500	0.033502	0.149000	
0.071890	0.321000	0.094828	0.131500	0.081632	0.187000	
0.073990	0.327000	0.093654	0.131500	0.076002	0.197500	
0.074074	0.319500	0.091950	0.127000	0.071200	0.195500	
0.076914	0.320000	0.092844	0.127500	0.079808	0.187500	
0.071950	0.320500	0.091980	0.135500	0.082362	0.188500	
0.073262	0.323500	0.091080	0.130500	0.076594	0.189500	
0.072094	0.321500	0.094102	0.129500	0.078952	0.192000	
0.073606	0.327000	0.093446	0.133000	0.078350	0.196500	
0.073816	0.329000	0.097162	0.126500	0.074000	0.200500	
0.078172	0.329000	0.084502	0.135500	0.067700	0.193500	
0.074040	0.327500	0.132622	0.124500	0.075494	0.197500	
0.074624	0.329000	0.136302	0.131500	0.091158	0.196000	
0.110084	0.313000	0.118328	0.129500	0.067586	0.189000	
0.072884	0.324000	0.126422	0.137000	0.088898	0.186000	
0.074036	0.328500	0.135400	0.134000	0.096388	0.191000	
0.068026	0.304000	0.141298	0.123500	0.102834	0.180000	
0.073450	0.326000	0.135536	0.132500	0.087792	0.196000	
0.071560	0.318500	0.138004	0.126500	0.093346	0.188000	
0.072938	0.323000	0.137918	0.129500	0.090972	0.194000	
0.075220	0.326000	0.139836	0.129000	0.090906	0.200500	
0.072620	0.320500	0.187330	0.126500	0.093766	0.190500	
0.071350	0.317000	0.192934	0.126000	0.104948	0.188500	
0.072452	0.321000	0.191642	0.130000	0.101626	0.197000	
0.070858	0.316500	0.186632	0.117000	0.080912	0.194000	
0.071658	0.316500	0.195086	0.127500	0.104518	0.193500	
0.073768	0.329500	0.194778	0.122500	0.094144	0.203000	
0.074296	0.324000	0.189790	0.126500	0.092704	0.198500	
0.073154	0.325500	0.190366	0.125500	0.089500	0.200000	
0.072160	0.320000	0.187470	0.135500	0.108356	0.187000	
0.071182	0.315500	0.190876	0.127000	0.101720	0.190000	
0.069294	0.308000	0.189196	0.123000	0.109104	0.177500	
0.072422	0.323000	0.207832	0.133000	0.134306	0.187500	
0.069662	0.311500	0.214626	0.125500	0.138826	0.188000	
0.074396	0.326500	0.213952	0.133000	0.137182	0.196000	
0.074568	0.326000	0.211422	0.132000	0.134662	0.193500	
0.081312	0.324500	0.212248	0.125000	0.128884	0.195000	
0.072274	0.323000	0.214250	0.131000	0.137774	0.193000	
0.074576	0.330000	0.219186	0.124000	0.126960	0.208000	
0.084038	0.324500	0.209850	0.129500	0.130620	0.192500	
0.087240	0.319500	0.207978	0.131000	0.126114	0.197000	
0.079856	0.322000	0.208010	0.131000	0.195510	0.184500	
0.071568	0.318500	0.206992	0.130500	0.189336	0.191000	
0.073010	0.324500	0.217132	0.125000	0.193126	0.201500	
0.071834	0.320500	0.208642	0.132000	0.196794	0.184500	
0.072726	0.320000	0.216198	0.130000	0.199600	0.191500	
0.091514	0.321000	0.201398	0.134000	0.186542	0.188000	
0.073386	0.326000	0.217786	0.122500	0.189074	0.200500	
0.070368	0.314500	0.217228	0.124500	0.201542	0.188000	
0.072660	0.323500	0.214786	0.132000	0.198824	0.193500	
0.073006	0.324500	0.210590	0.132500	0.196654	0.194000	
0.071050	0.316500	0.240288	0.131500	0.227450	0.192000	
0.080172	0.327500	0.234394	0.131500	0.224982	0.187500	
0.075100	0.326000	0.240032	0.135500	0.230738	0.196000	
0.074534	0.325500	0.240616	0.127500	0.218468	0.199000	
0.070482	0.313500	0.239414	0.124000	0.225634	0.183000	
0.076878	0.335000	0.243232	0.132000	0.223728	0.206000	
0.075464	0.316500	0.232946	0.126500	0.219550	0.184500	
0.071604	0.317500	0.247410	0.124500	0.230504	0.195000	
0.070904	0.315500	0.243892	0.126500	0.228180	0.193500	
0.093530	0.326500	0.224962	0.131500	0.206314	0.193000	
0.072452	0.322000	0.277632	0.126000	0.187022	0.176000	
0.071280	0.318000	0.307642	0.128000	0.230150	0.188500	
0.089360	0.324500	0.299708	0.129000	0.213850	0.194000	
0.072304	0.320000	0.308382	0.127500	0.222118	0.200000	
0.093224	0.304000	0.272006	0.131000	0.180422	0.187500	
0.074228	0.325000	0.300370	0.123000	0.220242	0.182000	
